1111101111101111000000000000000000000000000002220022222222222 211
1111101111101111000000000000000000000000000022220002222222222 2105
1110101111101111100000000000000000000000000022220002222222222 139
1110101111101111100000000000000000000000000022222002222222202 2495
1101101111101111100000000000000000000000000022222002222222202 84
1101101111101111100000000000000000000000000022222002222222022 2436
1011101111101111100000000000000000000000000022222002222222022 42
1011101111101111100000000000000000000000000022222002222220222 2394
1111101111100111100000000000000000000000000022222002222220222 521
1111101111100111100000000000000000000000000002222002222222222 1861
0111101111100111100001000000000000000000000002222002222222222 31
0111101111100111100001000000000000000020000002222002222202222 2387
0111101111000111100001010000000000000020000002222002222202222 434
0111101111000111100001010000000000000020200002222002222002222 2326
0111101111000110100001110000000000000020200002222002222002222 632
0111101111000110100001110000000000000022200002202002222002222 1978
0111101110000111100001110000000000000022200002202002222002222 380
0111101110000111100001110000000000000020200002222002222002222 1639
0110101111000111100001110000000000000020200002222002222002222 127
0110101111000111100001110000000000000022200002202002222002222 1978
